191
192
193
194
195
196
197
391
392
393
395
396
397
398
399
400
401
402
403
404
409
411
412
413
415
416
417
424
427
428
429
432
433
434
435
436
437
438
439
440
441
443
444
445
448
449
450
451
452
453
454
455
456
457
458
459
460
461
462
463
464
465
466
467
468
469
470
471
472
473
474
475
476
477
478
479
492
493
494
495
496
497
498
499
501
502
503
504
505
506
507
508
509
510
513
514
515
516
517
518
519
520
521
522
523
524
525
526
527
528
529
530
531
532
533
534
535
536
537
538
539
540
541
542
543
544
545
872
873
874
875
876
879
883
884
885
886
887
888
889
890
891
892
893
894
895
896
897
898
899
902
903
904
905
906
907
908
909
910
911
912
913
914
915
916
917
918
919
920
921
922
923
924
925
926
927
928
929
930
931
932
933
934
935
936
937
938
939
940
941
942
943
944
945
946
947
948
949
950
951
952
953
954
955
956
957
958
959
960
961
962
963
964
965
966
967
968
969
970
971
972
973
974
975
976
977
978
979
980
981
982
983
984
985
986
987
988
989
990
991
992
993
994
995
996
997
998
999